19
3
23
2
15
1
19
1
17
1
21
3
33
4
20
1
22
2
21
1
25
3
27
3
30
5
161
8
4381
29
14178
24
28945
17
12424
27
27915
18
34518
11
32250
9
16960
20
24096
16
37241
12
64485
12
77416
13
38346
8
32461
13
39813
7
18154
19
19497
21
33367
11
74862
7
35008
11
39235
19
107033
7
66662
12
127802
8
201503
6
178503
7
66460
19
87382
15
398507
3
72038
19
104917
6
144708
8
85365
11
149049
6
68999
16
393524
6
240553
11
68674
18
170705
5
151458
12
171161
10
198449
12
226324
6
193427
6
468637
6
156102
3
165258
17
303027
2
82374
18
92766
5
161408
14
190038
9
120953
10
188405
12
136688
9
116306
16
277354
7
80734
13
143412
15
228955
8
265525
3
217934
8
214760
12
163910
14
182770
11
336185
7
110715
13
259411
4
270189
9
378419
5
199110
7
209800
4
156001
12
256621
10
327926
1
173434
9
707028
2
660051
3
243084
8
403564
1
305534
7
257001
10
126379
9
126148
17
256737
6
768259
3
259480
9
833346
3
111401
13
317629
8
354444
16
535847
5
449634
8
639832
6
1134285
3
342911
3
904218
5
483475
10
253039
15
438070
15
387671
8
244536
14
171805
19
352951
6
287612
15
383420
9
129800
15
166833
7
210941
11
213763
14
226132
8
165092
14
179599
5
123115
7
114320
22
116585
14
221920
9
496345
17
467350
7
468059
7
178659
13
273491
5
393953
8
182960
8
156423
15
781942
12
408546
4
177727
9
204653
17
158953
7
260360
12
247045
7
53098
25
114101
15
230892
9
265524
4
287917
8
231993
15
253706
14
216357
3
126266
22
303828
10
144543
8
155342
8
209584
8
301007
6
72496
27
524250
3
154260
15
165283
14
299919
7
217678
9
149440
12
276027
7
73960
20
220865
6
168342
7
403893
7
169467
14
178775
14
101101
17
141964
8
216225
8
294345
5
90017
3
289903
11
241892
4
238262
2
423923
2
229049
7
377269
12
504914
7
188530
6
105320
9
336665
4
162134
15
121192
12
252610
13
342268
4
355468
6
130027
8
184684
13
240247
5
414012
6
632333
1
768439
4
298864
5
293720
10
640218
6
617203
1
321106
6
192874
11
367593
10
190957
18
242497
8
135064
15
314790
2
276777
4
286665
4
495475
4
114683
17
656508
13
332899
10
508654
6
721355
8
302599
5
170865
6
192194
12
340010
10
153790
9
157571
10
660423
3
212689
12
673393
2
127947
22
192106
9
78501
19
576543
2
370630
7
628424
4
437435
6
478890
12
539345
16
183160
11
123952
13
218089
6
506144
4
197580
12
140688
14
276113
14
229467
9
137614
13
376960
3
340897
10
297434
3
108617
17
111511
12
204869
7
301175
13
650953
2
263356
6
315690
3
541694
9
193968
6
453528
8
127386
12
78272
22
179719
14
245283
10
580941
7
614503
1
619989
8
505362
3
247444
10
335896
5
262630
11
165989
19
257236
9
370241
15
413242
7
504863
13
216183
14
347995
12
731575
5
631844
12
293171
9
612669
4
183492
12
923246
2
655959
3
515764
11
1734928
2
921997
9
375613
6
451126
8
116270
12
221172
12
660842
11
822184
10
925555
10
297182
18
351653
27
398786
14
576910
7
553964
3
455874
10
385579
11
302430
13
238481
11
101025
17
315277
13
387545
11
217421
10
138615
11
341770
5
123489
8
83835
30
197817
14
148289
13
121738
10
370908
4
359534
14
222244
8
118173
18
579256
4
399675
7
345941
1
124833
7
407591
9
313558
6
115435
24
780253
6
262631
8
139649
12
358515
8
451970
9
96731
26
340554
4
213073
8
146933
11
666918
12
187230
9
99911
14
175457
17
225632
13
315939
6
614715
4
134171
13
101878
7
151448
15
138357
10
176079
11
266329
6
221195
9
132887
6
165595
12
325974
6
119783
10
81040
13
197160
7
151112
10
184910
14
110545
16
350016
3
323980
10
96590
21
137958
6
257364
7
244606
10
66108
19
131049
10
311411
6
299078
8
95477
6
73752
11
146498
7
343735
10
184319
12
247892
10
171309
7
236823
10
191387
10
206870
9
168725
3
848089
1
216360
16
153288
9
226468
13
312832
6
302579
7
211478
8
108548
16
99707
10
197964
8
93909
10
156886
11
400498
6
511418
8
182446
7
350217
4
137145
16
259705
22
210364
9
181097
10
364167
9
297301
10
162163
14
367518
14
148989
9
133314
10
199324
8
137999
11
449804
5
329885
1
523039
3
302733
1
480173
2
151535
9
885949
2
230772
9
254230
3
63846
20
69128
16
116285
7
234384
14
256089
3
1336468
4
459948
4
245968
9
249097
11
211474
6
600533
4
238187
5
416223
4
78422
17
206830
12
124159
12
207338
16
133792
17
169291
10
252873
9
293445
8
298419
11
277392
9
195297
8
156170
9
113362
8
316528
10
156229
9
46290
21
108836
14
77202
12
91593
12
173898
5
39271
16
178266
7
49496
14
106809
14
256296
4
88632
9
180907
20
141484
4
181036
3
113623
7
155788
7
160198
10
89593
6
56840
12
67684
13
52276
19
179430
14
218780
6
220836
3
192530
4
97123
9
125373
6
138053
6
344175
2
376862
7
114356
11
262087
5
74609
14
97226
13
140497
13
45411
11
147406
5
39977
19
68853
22
62364
14
161801
7
76983
10
185275
5
152020
4
54948
16
45830
10
43706
7
122480
9
33340
13
157411
10
95940
11
72826
11
143529
12
70919
9
112362
11
81076
13
35359
16
197041
7
131296
3
63349
9
108616
6
47016
9
96612
9
67408
13
224286
5
288856
2
206665
1
247508
6
157918
6
119982
16
84830
12
86243
7
587167
2
149056
7
122699
9
162953
10
242332
9
142913
13
271464
6
172565
10
80470
23
103831
15
168907
2
188730
9
179641
6
93562
19
221491
3
157929
11
600440
8
342112
12
78670
17
329917
8
201921
9
148149
14
136469
11
107255
17
148990
12
54605
10
89514
7
162057
17
127149
7
131280
3
219653
7
339460
7
102696
12
301688
8
297222
8
140254
4
71174
17
87782
14
226778
7
64003
9
148182
8
165414
10
77230
5
46856
14
95315
8
370368
7
233681
3
49930
16
201439
6
152514
5
294677
1
109164
21
114081
10
101208
4
115660
8
136943
6
273184
2
78125
18
502102
6
116264
15
72256
14
55830
21
73427
12
147930
15
216083
4
232671
3
156853
7
174351
6
131336
9
320356
9
69219
10
187757
6
121761
7
67611
21
80212
14
174489
13
146328
14
64648
17
163985
18
82099
15
98514
11
109044
8
246453
1
129321
6
88311
7
59102
18
98064
13
78387
7
77399
6
105840
5
41232
20
18816
16
19175
12
87088
10
92072
8
34543
8
66826
8
84312
7
181504
3
143563
5
119423
4
150838
2
112114
4
40430
15
32921
12
17224
16
31950
9
95192
6
36829
9
85465
7
65010
9
46359
8
26144
7
88196
6
71596
5
50521
10
160019
3
29031
11
105456
3
29833
7
58647
4
81685
4
100692
2
50774
8
17389
16
21867
9
28458
2
59846
2
60977
2
53078
6
61575
2
20413
5
49607
5
44767
10
58148
3
76689
4
25794
11
43606
1
76882
7
34168
3
65716
5
39533
3
50133
4
35679
4
40289
8
46562
5
30447
4
68776
6
113917
1
48323
2
87388
5
118182
4
38398
3
60267
2
33261
6
43613
0
11414
7
56205
2
19031
6
61928
3
99457
4
131252
2
26805
6
95535
2
37012
7
63967
3
21688
8
31602
6
32359
2
33435
6
49626
4
9877
14
28184
5
33602
4
26297
10
23059
11
27144
6
41282
6
24617
2
50631
5
60326
0
34047
4
59380
7
6840
15
68213
6
85030
3
19574
9
47225
3
49216
5
44085
11
85841
2
25858
8
16351
10
20201
9
76595
2
8121
10
21333
4
16398
9
20281
12
99366
2
40903
5
79899
3
16805
8
16330
5
20479
5
25199
6
23436
4
78932
1
38491
6
30074
12
26267
5
44110
4
22376
9
42976
6
34394
6
28839
4
21230
7
37793
5
65545
5
17247
6
4295
15
51779
2
80280
2
59843
2
86555
3
47993
2
12239
3
9554
6
64658
1
24353
2
6722
9
45843
5
20066
7
22891
9
44278
5
35448
5
57331
9
190807
1
142982
5
141814
5
54462
6
49695
10
104940
4
33725
9
36774
4
107112
5
20615
5
63623
6
73465
10
32487
3
45286
5
19214
7
39976
5
21309
4
71774
8
119629
0
32943
5
24301
10
13739
12
34471
5
35621
4
68471
2
48136
1
55690
3
34688
6
64739
3
23586
10
13376
10
11787
11
22507
3
37562
5
44175
7
15773
10
33396
9
18959
5
22001
6
56434
3
67614
2
65723
2
99794
3
44175
6
143615
4
26926
1
126568
4
58229
2
56756
2
28271
4
79009
1
52697
7
33465
7
43473
5
43853
7
85363
3
22320
4
33172
8
29866
5
14826
13
86441
3
32167
7
48273
2
97470
1
54562
4
49572
2
30988
5
15092
9
14284
12
12453
15
15511
8
31922
8
38928
2
41767
5
43989
6
22660
5
80073
1
48568
2
76161
1
