0
1
0
2
0
4
0
7
0
5
0
5
0
3
0
2
0
1
0
1
0
1
0
2
0
5
0
1
0
2
0
1
0
3
0
3
0
1
14
3
3981
8
4592
11
4430
7
3710
15
4017
9
2610
13
8176
11
2570
15
3107
14
1985
17
3367
17
12245
6
7106
9
2597
20
3536
10
3258
12
9764
7
11850
9
6484
9
13524
13
7399
12
4618
12
12703
6
8601
8
8765
1
6173
15
12560
8
45678
2
12989
7
11078
15
5921
6
12060
5
7589
10
19018
5
8258
8
4891
17
5659
10
19294
7
17282
11
38610
3
24397
7
9432
5
51544
2
73603
2
17898
13
25329
4
28026
7
23175
12
46458
4
24879
9
31816
16
51265
9
47835
5
22592
8
24781
12
56956
3
54686
7
21521
8
29528
11
17990
11
29923
8
25370
10
38021
3
55171
6
13427
11
12534
11
30400
10
13770
8
46345
10
55884
3
52644
5
48636
7
18901
18
45579
8
35673
10
31724
10
49588
12
7340
15
48548
2
24951
13
11675
9
35560
7
75349
2
24274
10
70386
12
22203
4
48938
5
112001
2
141981
4
20674
15
28367
13
28021
8
61117
4
36647
10
75926
7
26244
10
33776
2
61810
8
22551
7
68666
5
63084
11
40571
9
49114
5
67281
3
26315
7
26455
7
10309
13
24824
6
11578
9
10323
7
29347
4
22387
11
10164
18
15706
10
22517
9
13550
6
7018
15
9282
13
12074
10
60284
2
25220
12
68735
8
32505
3
157797
3
55171
3
42891
10
66230
10
713204
3
9325293
4
141085508
2
261305279
4
428702315
3
503782171
3
399298199
3
305057748
3
261433261
3
274723508
3
319891012
3
353985135
4
367122628
3
333920406
3
330726734
3
356743107
3
383273066
3
332838233
3
392570565
3
298378340
3
410578539
3
248899246
3
254742071
5
267833720
2
342494823
3
231814651
3
229897155
3
259562565
3
220560970
3
228992896
2
243268964
3
294584218
3
347871184
3
421191641
2
376775754
3
200848486
3
117716373
3
55934097
2
12306050
5
13827441
9
18422219
7
11320406
9
24457150
14
44255361
9
47158090
5
47501197
14
22383605
14
9869889
44
10835061
59
37757173
79
19384129
79
20578164
67
19786305
58
17597300
68
10998593
65
12599242
69
25110134
74
22425824
79
21391622
77
15783990
74
16764900
79
10765806
77
7254112
74
16152517
77
13443200
78
12917301
79
8884760
63
8549217
78
10524329
75
9637985
79
27896126
86
18422814
78
4612569
69
7062017
68
5423244
69
5069737
63
7442104
72
4855693
74
4355264
65
2372612
58
4473587
70
2987471
62
1713027
66
2486038
72
1464469
60
988985
59
979781
60
1042788
51
736100
59
931628
42
503367
47
413335
46
430195
46
433921
47
356869
32
168437
42
282398
29
494215
21
161320
28
285290
8
823096
7
506338
26
684554
20
563457
11
257701
6
153745
19
150198
19
180078
25
220164
9
236588
14
311330
15
203209
12
92590
22
206663
10
121319
11
150317
11
79072
16
122938
8
200524
5
32691
14
31507
13
99898
7
73373
5
28370
7
24380
11
82851
6
66178
4
27240
11
35723
6
39634
10
16640
10
12868
13
14401
13
7058
14
10851
9
17967
8
9797
9
12457
11
9376
13
11771
4
3584
8
15511
3
9691
5
6801
6
3362
10
8120
8
2896
8
16064
6
5259
7
6520
9
2107
16
5939
7
6311
4
8784
5
4108
11
8637
6
3478
5
2630
9
8250
3
4513
7
6318
7
1922
8
8410
8
3775
7
6415
6
4737
6
15529
8
11702
8
55233
4
295936
3
7780160
3
178752794
3
352943023
3
386789213
4
372059628
3
296923759
3
249109260
3
285498750
3
343248664
3
366164713
3
357036071
3
324009754
3
379578861
3
333802446
3
415001175
5
263070833
9
468579695
5
327006764
7
406273742
6
242708782
6
263913730
3
223532745
3
287078830
3
196343428
2
271056192
3
201957756
3
218014890
3
115078203
3
115887840
3
175593504
2
192936368
3
242087227
3
188684503
3
63208954
3
6069174
13
6065854
16
7810865
19
14486937
17
19418922
11
16460141
12
15103980
35
21449305
43
23011584
28
19802514
21
18156587
49
14962543
60
11452441
64
16710533
77
18526568
70
24446601
76
18159120
80
25386530
76
17753801
72
10600209
55
8182912
66
6421707
55
7184003
68
5978229
70
6300460
71
8664883
79
4990930
71
6022992
71
12546910
75
8027451
78
8882156
76
15466096
76
3929238
70
4230319
66
2893442
63
6054976
77
2527266
73
1893564
64
1526431
55
1634948
67
1175726
58
1319885
53
603449
63
462433
60
513447
62
393866
54
276506
44
336052
43
247939
35
131312
44
110125
33
160524
17
48603
35
76860
15
90937
13
66703
21
87522
15
27329
29
44316
14
58256
19
60484
12
93164
13
115656
9
52909
8
59906
8
72036
11
26178
7
49986
7
24108
10
23144
12
12784
15
8259
14
13800
14
11946
5
10259
10
5688
9
8304
11
2851
17
5410
7
9597
2
14843
9
2820
11
3374
9
1649
11
2571
6
1088
18
2153
9
4268
7
2992
12
2997
8
4824
10
4623
13
963
16
1134
5
1879
11
2623
7
2806
23
3911
7
984
17
1204
14
2952
15
1489
6
1787
15
905
17
2167
10
868
23
902
15
4519
5
1225
10
942
14
2576
14
634
13
1094
14
1499
9
3571
1
1072
7
1858
12
1733
8
428
10
2955
2
990
14
1847
13
2181
6
2632
3
1605
6
2138
7
5407
4
34044
2
346608
4
11249207
3
174758264
3
324726103
3
311992901
3
263885072
3
258753212
3
291043254
3
313041252
3
297789340
3
315631983
3
237987020
3
342133375
3
210775402
11
314368014
5
231020713
6
386457066
6
277893243
6
271173059
6
186232073
6
243016504
5
151013794
8
226604214
4
221720244
3
221303290
2
296704419
3
294236632
3
283609430
3
308634261
3
276898927
2
252576760
3
140632148
3
63362604
3
7822723
5
3226145
28
7924775
15
7553308
21
17180530
9
36205548
6
33290369
11
24467282
9
16567911
11
7901259
22
5693516
28
3321978
33
4811343
28
4572292
37
4839211
16
6176182
36
4122106
48
4069213
49
4143719
53
4622710
50
3569516
48
3037829
57
3381460
56
4095045
61
3245675
56
2445657
65
2511960
66
2942796
63
4048368
65
2748557
66
2837485
65
2191447
57
2438953
57
2282482
59
1254043
46
1370930
70
1523323
61
1762211
64
1387918
60
1418465
65
1288635
47
1040351
57
1206623
63
2109424
61
1116300
63
310136
54
747013
59
399517
47
106805
39
83195
30
102467
25
62835
26
61608
27
77701
20
39205
30
40721
12
48889
15
139331
4
42150
11
55925
14
32567
19
45371
10
115221
3
53914
9
26083
6
15985
8
20311
7
15414
10
27305
2
25068
6
9171
11
5288
13
3687
11
5801
11
4378
6
7201
11
3524
10
10983
5
2820
5
922
11
3612
12
6770
3
5265
6
5418
6
10353
5
6674
3
5122
1
3945
5
3622
4
1255
10
2155
2
6651
7
7373
3
4044
3
1867
11
2115
9
2161
11
860
4
1198
9
1657
4
2090
10
2607
4
832
8
1529
3
1736
6
1246
6
361
8
727
5
1010
5
291
11
2235
10
942
7
2846
2
822
4
147
20
1075
4
1334
3
1071
9
2865
5
5548
2
2008
5
1594
1
1564
3
1019
4
778
4
395
11
621
3
1616
1
680
7
1413
3
711
9
400
10
942
3
1234
9
974
4
294
4
625
3
838
6
1837
4
1431
4
2253
10
5791
3
7264
6
10409
2
60309
2
1183889
3
34087795
3
261423827
3
363725396
3
390748016
3
426534322
3
504061014
2
551836901
3
558313618
3
550276442
3
586982231
3
655312041
3
727052165
2
729591222
3
699676728
3
684759831
3
677189823
3
722681707
3
648166770
3
471519357
3
286959680
2
261137128
4
222108078
3
266729682
3
255010517
2
376097685
4
344246166
2
385269456
3
291436427
3
323719567
3
201901733
3
266065270
3
205728826
3
213485645
3
206383966
3
154081044
3
178882872
3
162950432
2
215841783
3
196399241
3
273973805
3
320168215
3
327109177
2
383961325
3
330638546
3
314769472
3
319914623
3
271796071
2
263862942
3
206157885
3
178234867
3
180914898
3
174750424
2
201908188
3
173573450
3
130480840
3
111219651
3
111991990
3
104398045
2
77341706
3
51064730
3
33834016
3
27064148
3
16124115
2
7515949
3
5798032
3
8321463
3
8348729
2
5772698
3
4872203
3
4933236
3
5528871
2
3020098
2
3320696
3
2909827
3
1441001
3
1040854
3
1365934
2
673372
2
440427
3
257503
3
113569
3
226641
3
190154
2
159417
8
153526
1
326546
5
304478
1
98742
2
257284
3
153483
7
156128
3
110560
11
153017
6
144582
3
83287
3
61936
3
42881
5
102681
2
55771
3
54843
5
112887
7
98111
3
39165
5
90115
3
29546
9
121480
5
135883
3
100385
3
166282
7
81898
8
29188
9
24540
9
41867
9
21473
11
14419
8
15608
5
9615
4
7394
10
13696
6
6229
2
13631
5
15714
3
6441
4
7431
3
4977
2
4032
5
2595
6
3771
4
10395
2
4121
2
957
7
1298
11
5395
7
1703
13
9022
2
4516
4
3037
4
2268
3
2082
2
2402
3
2497
3
1549
17
3173
3
1732
8
3138
2
1067
5
356
7
669
6
819
5
855
7
203
17
1793
4
880
9
1565
8
1371
2
2559
7
73700
4
1173586
2
62531766
3
335664909
3
380499308
3
323776027
3
346292985
3
465080989
3
505737455
3
547070531
2
580725847
3
590258776
3
650547356
3
703793456
3
780935347
2
782291999
3
733220816
3
740241827
3
704888363
3
846467205
3
390075665
3
420401399
3
256999099
5
286716838
3
166968615
5
346695532
3
274783418
2
382451143
4
320967908
2
400499072
3
257213698
3
374766989
3
246191132
3
285158138
3
256454779
3
214250074
2
221354794
3
189405895
3
257602641
3
196522830
3
232899312
3
277887853
3
271923708
2
329667809
3
254096483
3
281375564
3
263459132
3
215661012
3
248239275
3
216632737
2
203619561
3
154231439
3
128813032
3
146981379
3
124391945
2
120459390
4
76784614
2
67335784
3
43003582
3
39129468
4
31602059
2
32525593
4
23594709
2
13419120
3
3924048
3
655713
3
2471438
2
3818002
3
4100850
3
6133828
3
6133222
3
6395598
3
4741743
3
3679994
2
3903961
3
3438910
3
2770368
3
1765271
3
895008
3
236696
3
337103
3
651949
2
302949
2
448219
3
333344
3
273748
9
392866
3
144046
2
69427
5
73991
7
46569
2
181328
6
137534
3
120021
4
210561
3
260717
4
126297
4
148870
7
127603
5
34821
11
43656
8
27359
5
40712
3
37921
7
82680
2
103822
1
21686
9
69959
5
58951
5
22844
10
57995
6
28333
4
29574
6
19200
3
15664
2
23920
2
11083
5
11153
6
54881
1
11671
4
8293
8
6924
1
3894
3
4697
5
6901
5
5554
6
11837
2
3282
12
1152
6
2426
5
2200
5
3322
6
2437
6
2463
4
2541
9
512
9
883
5
488
5
1483
5
1834
9
1626
4
650
11
393
3
1268
4
840
8
257
6
571
5
1184
1
1111
7
5919
5
21671
2
174740
2
4109117
4
98668354
3
286666445
3
311005312
3
274349432
3
317900498
3
385854527
2
428075753
3
419493129
3
427993132
3
447255606
3
469541544
3
541344141
3
612773887
2
632686742
3
620722009
3
621006701
3
662045930
3
731947708
3
803350902
2
808457721
3
741402079
3
701344689
3
696528783
3
740164028
3
713971854
2
716967871
3
460143377
3
396568149
3
193646706
3
261499148
3
157445382
3
201513192
3
209884017
3
238606377
3
387702942
3
302263281
3
402985097
3
341973029
2
396212183
3
373592203
3
376750600
3
495067609
3
422072267
2
394357483
3
305931131
3
209986012
2
168633958
3
86250266
3
87370364
2
87165876
3
70589190
3
54419252
2
17983590
3
20953834
2
32147230
3
76613307
2
94707262
3
66861758
3
54229199
3
30351516
3
9680011
2
9685018
3
17543739
3
16477333
3
22003449
3
31572583
2
27966058
3
18163335
3
13108170
3
6804049
2
3407959
3
1915715
3
2201946
2
2276116
3
2032990
3
1290549
3
1395547
2
461426
3
309188
4
296645
1
529767
3
834149
3
798861
3
1002287
2
364864
3
292358
5
88265
7
184731
5
272425
5
287281
1
238118
3
171636
3
145961
6
55859
7
94516
4
51410
7
101580
5
67456
3
64346
3
28901
9
34423
8
123820
5
55445
3
180645
3
627617
3
128758
6
1965930
12
2050099
9
1202207
6
3705703
2
797040
9
1808935
4
341970
5
1108027
4
594440
3
324727
7
499982
6
345552
5
358104
4
40257
15
98211
9
43271
6
119749
7
107086
4
71187
1
33440
7
17072
4
15669
6
17477
7
13928
11
25314
3
15011
2
26321
2
12120
3
12869
4
11332
7
12282
3
13985
6
