4209
14
4370
18
4644
12
6389
16
3918
17
6483
18
3943
20
4461
16
2704
13
2612
15
2061
20
4237
22
3574
12
2571
15
4162
21
4599
13
3029
24
2783
26
3757
23
3729
15
4158
19
4270
21
3186
13
3941
13
5978
13
3375
15
3992
18
3421
18
3514
21
3615
21
2287
21
2882
15
3190
14
4185
10
3203
8
3160
18
3584
13
3886
23
3457
17
3005
26
3202
21
5934
14
2845
18
5382
14
3956
15
3328
14
6916
9
2629
24
3789
14
3286
19
4684
15
4609
15
5050
22
5581
18
3735
15
2386
22
3392
19
2911
11
2577
14
2878
23
4290
16
3679
18
4060
13
3829
19
5314
13
3530
16
5595
17
6941
13
7279
21
5303
17
5673
21
4492
13
3961
19
5093
15
7047
10
4667
16
3921
8
5584
11
3063
17
4905
14
14407
18
109985
4
668611
2
2831963
1
6037910
3
7329295
2
6110625
2
30981735
2
25891288
3
26497054
4
75479808
3
16378807
5
106614829
3
145756697
4
23339459
4
201835734
2
178181854
4
46834850
0
257812350
2
263050180
4
60083692
4
370961600
5
374363764
5
99763363
6
395791702
6
331775446
5
95796332
4
378873169
4
310703248
4
105679903
5
342086010
3
254332790
4
83383871
1
246751165
1
145392004
6
57865774
1
125386177
1
58468118
2
56019938
1
11741032
0
1143407
5
651071
31
715802
50
1126849
44
1185963
52
4122884
54
1345191
58
1353423
62
2069134
66
3249395
67
3293957
70
2579261
54
2525421
60
7055999
66
4804282
63
3874260
66
3702858
66
3302874
68
4327568
63
3876013
68
9907024
68
3726225
66
8845763
68
5831925
67
5269066
65
4783191
64
5095079
62
9213767
64
5418810
66
15785006
68
5359960
50
14155617
64
10136432
66
11354968
66
3760397
63
4462290
67
3134667
66
2983116
62
2632490
53
2633291
34
3445033
52
758965
35
751661
49
657722
27
749445
21
505993
15
274855
20
467371
7
196848
2
96867
22
32042
21
89115
12
36936
11
16809
11
15234
10
10159
10
12616
13
11727
6
13483
10
10458
17
7263
14
7036
13
3730
13
5734
11
5528
11
3918
15
5243
22
4244
13
4163
17
4846
14
2141
22
5625
18
4386
12
4910
18
4488
14
5354
19
4838
15
4258
13
4522
12
2491
10
3209
11
3522
9
4639
17
5327
16
2950
27
7347
9
4100
13
3432
20
2932
24
3515
13
2973
21
2292
14
3542
11
2328
13
2898
13
2777
13
3040
6
3539
15
2743
18
4616
18
3724
21
3677
16
3753
14
3572
14
4279
12
4871
14
2648
20
5339
18
5051
15
4385
22
3673
11
2534
9
3321
14
3921
20
2022
9
3353
14
3667
14
3374
12
5216
15
2766
13
5140
12
5047
15
6145
13
4362
14
3003
22
3293
21
3759
18
3509
13
2963
14
2561
11
2622
18
4108
17
3648
19
3540
12
3425
23
5311
15
4123
11
3469
24
3066
26
2636
18
3676
18
4031
12
4608
11
4239
9
2326
15
1289
13
2572
16
4777
8
5127
6
4403
12
3597
9
3407
27
4867
15
5201
15
2513
21
3125
14
3687
17
6133
13
12301
12
13519
6
26650
5
2585449
2
8667710
2
7420402
3
9918736
1
4768587
1
28316764
3
29318051
4
22286509
3
69488285
4
43027229
4
63854795
3
142931187
3
9229309
5
179198201
3
196672236
2
29644745
6
267547353
4
293162459
4
60299110
8
404554328
5
352832872
5
86940271
6
408234919
6
338271705
5
106115919
5
373324624
6
327595754
5
121479634
4
362948141
4
339932723
4
325185216
3
78696714
5
283030563
4
229460560
2
49294170
2
194150086
1
90200272
1
44009250
1
75014371
1
26531032
2
12757585
1
6345097
1
1339702
23
238572
52
293180
56
646611
58
381612
44
654902
57
771721
54
1517659
64
1908132
65
2796828
69
8799643
69
4320168
69
4734666
68
1983591
67
6937871
69
2051923
59
2897182
62
689772
59
3490612
62
3604054
60
4431974
63
2851234
64
5874510
68
6754731
62
4653423
65
6319237
66
11159768
65
8572521
68
7813454
63
3624025
62
7205569
62
8035924
65
4598544
62
5208848
61
3774473
60
2846736
57
3737186
60
3313474
65
3380316
60
1241316
60
499379
57
472076
57
373717
62
170610
41
324439
46
114558
39
19693
38
47725
16
34651
25
21377
22
11587
22
12035
19
8850
22
12542
14
10401
18
9620
10
15950
5
11496
3
8390
10
4370
10
3854
23
6259
13
4142
17
3521
17
4229
11
4706
10
2820
16
2809
19
2638
13
3136
17
6547
12
3486
15
5461
14
3673
15
2701
18
4014
19
3261
11
4273
15
4661
16
3711
24
2693
11
3085
17
2951
13
3509
15
3143
11
2107
14
2810
26
2629
20
3362
18
2455
20
2972
20
3034
19
2150
14
3164
20
2855
14
2493
15
4321
12
4085
15
3818
20
2983
21
5976
7
3749
20
3593
16
2659
15
2603
19
2388
12
3425
22
2543
16
4007
14
3596
17
4007
13
4371
13
4289
21
2688
21
4121
16
2252
14
2743
16
3293
24
3337
9
4737
18
4867
17
2623
18
3692
18
4556
11
4179
16
2783
13
3072
16
2785
18
3124
25
1946
16
3024
17
3659
20
3083
17
4472
14
2862
14
3183
23
4669
20
2725
19
2561
19
2998
14
4910
16
3512
20
4472
14
5244
15
3524
20
3123
20
2425
18
3722
13
4429
12
3869
11
3310
16
3488
12
3114
20
1953
12
2698
16
2807
19
2591
20
1286
24
5003
16
3710
21
2557
17
3864
16
2583
14
4004
12
3985
16
2609
17
4029
12
16808
2
57877
4
219226
3
3745656
0
9054764
4
3458079
4
15421642
4
20711850
2
16456612
3
53196453
2
13850449
5
65502070
3
98314589
6
11541722
3
137450454
3
148427853
3
31911576
4
214008804
6
213658068
4
59737018
5
301919821
5
245730139
6
72091631
6
284946955
4
209634236
5
75499016
6
237859558
4
81843493
5
223232449
6
209695938
7
63396792
6
243621453
6
185763362
5
48519797
5
189624866
5
128594101
4
42545667
1
80739328
1
38294179
0
37230820
2
26355971
1
20573613
0
7641183
3
2461227
8
776805
7
707041
15
570435
65
452923
53
752654
60
363584
50
717767
64
1987281
63
1592866
63
3138768
64
1599729
63
570257
54
750690
63
2175510
69
882653
62
3844244
66
12455349
66
4245690
64
8070165
65
7908447
67
7572120
66
4769336
63
3858788
64
7060042
64
6667281
64
6031000
63
3540618
69
11979507
63
9381326
63
12242335
58
11040416
58
4811458
60
7876428
63
9002423
62
3960848
53
3393087
62
3288527
64
5192223
49
2978032
59
1645667
60
3107498
61
3835930
65
1812812
51
1990693
64
1252610
61
1311218
54
967954
45
354223
55
305990
32
104139
34
62322
32
116394
18
137769
10
44264
4
51607
9
56784
5
22916
17
41967
8
76709
2
40744
6
40880
0
12687
9
11759
15
4404
15
3654
23
2747
19
2070
17
4449
13
4986
12
4874
16
3354
15
3083
15
3719
11
3188
18
2177
17
2968
13
3603
13
2654
17
2394
15
2170
12
2133
14
2426
16
3714
17
2915
16
4507
21
2738
15
3177
18
2950
18
1576
13
2673
16
2844
19
3025
11
3119
18
2038
15
2228
16
3009
14
2514
18
4170
21
3134
21
3254
17
3902
19
3122
30
3117
24
4604
16
3148
15
2899
14
4862
20
3965
15
3612
14
3588
17
3212
20
1953
37
3370
11
2716
18
2842
16
2845
19
2303
16
3017
14
1810
16
2739
23
2069
14
3553
24
4172
9
1695
20
2714
21
1878
19
3194
22
2453
16
3692
16
2133
17
2857
22
1796
14
1526
11
1651
14
1710
16
1648
15
1955
20
2062
12
3042
10
3773
11
2081
21
1849
23
1717
11
2380
14
1439
14
2346
18
2870
13
3970
17
4333
15
2923
18
2334
15
3403
13
2316
21
2254
12
3419
11
5639
7
6195
7
1944
13
2211
19
2256
13
3141
14
3372
15
4159
11
3265
16
5806
11
3826
12
3431
10
3424
12
4169
15
2932
6
3510
11
3281
12
3377
11
3840
12
2611
12
3241
17
3577
25
3047
22
3641
16
2149
7
3960
9
3932
24
3405
16
5715
7
63496
4
441797
1
3438992
1
3703955
1
16996140
3
17298662
3
18902255
3
66518670
4
45231875
4
79018980
3
165721430
4
15624395
4
253754854
3
269550770
2
49335538
4
364467509
2
357318828
4
80614059
5
590243013
5
567183795
5
164077386
6
605193303
5
436007979
5
138995127
6
575178325
5
502795337
7
201262051
6
595645388
7
487760897
7
171870372
6
456002607
6
298216521
7
126197237
5
297074407
6
107300171
3
183433923
5
109772474
2
69259832
0
133257187
1
37920307
2
22111822
1
3677328
9
1308686
42
699520
63
638465
58
841029
57
1004372
54
1053838
58
1705316
38
3646358
44
3553147
44
2328941
59
2411267
62
2632183
64
3937414
67
2517104
62
5400187
60
6286641
63
8531990
58
9255135
65
4687328
58
6983523
63
5862849
59
4320950
61
3465899
58
4136159
65
2637461
61
5324415
61
1932029
54
4234456
55
2770963
56
2036741
60
3466683
62
3882919
60
3383517
64
3397827
60
2074298
62
2699660
59
1970604
63
2223181
54
3306496
62
2164816
57
2383943
63
3558892
64
4507745
63
2252578
64
2775356
62
2413637
58
1587016
61
1456877
59
966891
48
913705
56
82671
58
80075
50
53433
41
12292
27
7928
27
29564
18
159894
5
88696
10
47864
5
20249
13
6832
22
16681
5
4650
15
4773
14
4838
12
6019
11
4100
14
5480
17
3280
12
3436
19
4188
9
3364
10
2496
16
3100
19
2620
24
2860
22
2091
11
2393
11
2205
12
2328
15
3209
15
2398
14
1783
15
2128
8
3627
17
3134
18
2819
18
2657
17
2616
17
2498
18
2958
15
2831
7
4443
13
2312
18
1968
13
2809
15
2606
18
2466
19
2227
17
3208
22
3541
20
2727
11
3085
13
2334
13
3015
11
2395
13
4433
8
4760
4
3414
11
4177
8
4443
8
5304
12
2698
21
3921
13
2917
11
2193
12
4002
14
3497
13
3429
14
4076
17
2279
13
2160
17
2877
17
2163
12
2188
21
2541
15
3069
18
4021
9
4555
7
3395
9
2470
15
3740
12
5052
11
4047
10
3747
15
4246
10
5627
17
2951
14
2854
28
3298
17
3638
16
2675
13
2201
14
2531
12
3852
11
1761
20
3041
19
3850
10
4176
17
2767
18
2510
14
3731
13
2985
13
4385
14
3828
14
3563
21
3214
11
4043
11
3151
18
4396
23
5088
14
6305
7
3575
10
2902
11
3212
20
4299
13
1997
22
3506
17
2104
12
2289
8
1957
10
2689
6
2830
12
2044
13
3053
14
3034
18
3334
13
2416
13
3629
6
2563
15
2490
19
3288
8
2193
18
2810
10
3178
16
2814
9
3062
21
3418
11
2765
15
2822
16
3863
12
2484
13
3237
24
2963
16
5000
11
2400
21
3243
14
3041
9
5136
15
4066
16
3111
21
3246
18
2704
25
3615
13
2330
9
3842
20
2143
14
3453
12
2497
13
2910
10
2606
9
3246
15
3003
23
2075
17
3833
8
2267
24
3612
24
3470
15
3669
15
2364
16
4483
16
4416
14
3434
10
3719
10
4447
15
3323
17
3829
12
4010
10
3286
10
4098
13
2228
17
2195
30
2438
26
3403
16
11569
10
72107
1
469025
1
644161
0
819152
1
2660607
1
1436046
5
3595116
3
4779200
2
727587
4
6544915
3
4289921
2
2951865
2
7123166
2
2847594
2
4293788
2
6182520
1
673464
2
6332631
1
2510306
6
3860554
2
8246181
1
2578950
4
10383819
3
28334055
2
10794355
2
52826009
1
36048523
4
21603717
3
53271134
1
35986628
2
18539281
3
46681131
4
14795969
3
45421509
3
46298990
4
12614255
4
56483995
4
41736911
6
12688294
4
52313168
4
34631324
5
12334842
2
44731801
3
20750549
7
22614985
4
36188611
3
6690550
6
37337317
3
26419216
5
7060074
4
26736965
1
15033254
4
6528095
4
18459761
3
2764630
4
18864642
2
14240064
4
5062418
3
15418779
4
8016890
6
6104167
3
8235449
3
2068326
2
7866318
2
4839789
4
2181989
2
5128828
1
2016683
3
2180435
2
1658535
1
788155
3
1225130
0
535073
1
786450
0
657225
3
261976
5
189194
2
166040
0
78393
5
77825
5
46656
4
19933
8
24953
3
7056
4
9274
6
9701
8
6283
11
7375
7
4717
13
5359
15
4385
14
7562
9
4867
20
4504
14
6233
5
4105
9
5661
7
4081
19
4984
19
3795
18
3590
16
4456
10
4321
8
6855
9
5303
9
3797
10
3619
14
4776
15
3144
20
2397
18
3707
15
6909
14
4794
14
3903
11
4273
12
4462
8
7272
12
5853
14
4074
13
4760
10
5301
22
8175
5
3235
15
2905
12
3510
14
5254
14
4951
17
3544
13
3435
18
3401
9
2762
13
3685
8
4297
10
3767
19
4170
22
5610
10
3132
12
3732
16
3043
20
3747
14
4581
17
5414
15
5036
18
4267
19
3176
15
3382
9
1837
15
3159
14
2166
14
2879
12
3768
20
4341
13
4296
12
2655
15
4079
15
3634
16
3638
20
3163
21
3032
16
3930
15
3864
17
3172
21
3313
13
3946
18
2731
15
3336
16
4757
14
2949
20
4330
18
3433
14
3517
9
3324
22
3936
11
4859
18
2385
21
2134
13
2793
13
3891
15
2572
7
4331
19
4407
18
4504
11
2684
15
5178
6
2089
12
3259
12
2363
12
2470
11
3287
16
3606
14
2762
14
4274
8
3692
10
2280
15
4030
15
2518
13
3443
10
2443
13
2749
8
3256
16
4316
13
5186
7
3394
19
2835
12
3999
12
15064
6
13532
7
204438
2
1139166
0
1238102
1
2614294
1
436439
0
4844881
2
2939135
5
2721859
2
6945802
2
2563378
5
5612404
3
7463077
2
1848298
3
10359514
4
5384459
4
5874199
2
12127855
2
1751128
3
9747911
2
10875809
3
4460875
4
45450401
4
68076070
4
23968172
5
108087719
3
85003245
4
30790123
3
109885584
4
55500854
5
51663403
2
80107968
5
21352236
6
95495575
3
72059020
6
22427756
5
87270366
5
65368070
6
20997185
3
76708020
3
33334415
5
42561149
3
56693289
7
13046818
5
58891466
5
43120325
4
12031330
7
48152591
3
30866431
6
12360555
6
31976788
4
5488711
5
29926697
4
19615914
5
7196683
4
20916390
4
4016552
6
15869339
4
13322752
3
4333797
5
14408877
2
7510049
3
4789660
4
8229654
1
1464335
5
7216011
1
3013330
2
1851622
1
3695087
1
1425849
2
1382785
0
1980948
1
934207
0
842203
2
730563
0
580395
1
235257
3
76434
2
69601
1
57127
1
42480
1
13355
4
16110
4
13974
8
8144
5
5092
9
3653
15
7614
16
5263
6
3783
15
3781
19
6011
10
4925
11
2997
19
3281
8
2660
15
3264
12
4056
9
4112
18
2533
15
4138
11
3046
17
4173
16
2069
24
2414
19
2791
12
3151
14
4541
14
4631
9
4327
14
4685
5
3767
14
3251
20
2984
14
2682
17
2519
12
3946
18
2944
10
2687
14
1970
21
4154
11
2505
14
2465
14
6246
12
3392
17
4178
14
3170
17
4138
13
1877
12
1476
20
2336
8
4143
13
3713
15
4533
14
3417
21
2984
24
6254
16
4518
18
3975
19
5594
12
3980
14
3951
12
2103
17
1758
18
3547
13
2360
11
2242
10
3445
13
2518
8
2713
13
3232
14
2780
19
3710
13
2647
15
2409
11
3301
14
1318
15
1563
12
1905
21
2181
17
1205
13
2432
13
2477
13
3094
18
3585
19
2770
19
2591
19
3254
23
3589
8
3210
18
5126
12
3871
10
4081
16
3219
27
4098
17
4108
21
2521
13
2934
17
3241
12
4023
19
4751
16
4695
17
4031
12
3699
19
3185
15
2739
15
3072
14
2677
11
2815
19
3100
18
3255
17
2999
15
2453
11
2954
16
2334
19
3922
13
3024
16
2551
24
2863
14
2026
18
2926
16
2179
15
2484
19
1626
16
2255
14
2119
13
2563
18
2426
22
2763
15
1820
20
2725
24
2589
16
3239
16
3756
17
3229
11
2944
7
2803
28
4856
18
5524
17
3778
13
2572
8
2456
10
4119
8
2851
21
2419
16
2087
14
2147
16
2565
16
3225
11
3166
10
3288
11
4459
15
10519
9
159868
4
469995
2
1920450
1
1779317
3
2123164
2
5253386
2
2956488
5
5484975
3
7351094
4
816336
4
10319028
2
5879590
2
5194182
1
11774799
4
6052239
3
6295925
2
13426041
3
16977812
4
41563574
3
79133504
1
21123210
5
113434456
1
85889780
8
27408415
6
110394511
4
76274903
4
25110329
4
88880641
3
64191461
5
24996645
4
68388590
5
13165829
6
71965160
3
48589100
5
15975167
4
57402111
4
42169770
6
15679404
4
49490650
4
11231181
5
51340323
4
41357978
4
12123017
4
52223425
4
41186783
6
11961888
2
48372590
4
33633229
4
13359154
4
37116564
3
5105037
4
31660217
4
21877756
5
7282923
4
24321665
3
14416493
3
7042959
3
16173337
3
1954742
4
13014520
3
7781929
6
3322909
4
8749631
1
3005463
2
3945715
2
3358443
3
1456832
0
2756416
2
958755
1
1099826
1
818185
0
503545
1
366491
2
295253
2
206523
1
73780
1
23693
3
17925
2
8646
5
6728
9
4028
12
7353
9
3773
16
5334
15
6090
8
5181
13
7020
10
3402
14
4819
11
2347
18
2992
17
3873
15
5807
13
4058
15
3460
12
3474
15
3998
15
3355
11
5740
11
4133
14
5331
12
3128
10
3422
18
3561
17
3228
20
3561
15
4101
20
2392
15
2642
10
2174
14
3363
18
3438
15
3030
13
1659
26
3614
13
2334
12
2366
14
3384
8
3272
17
3042
16
2294
18
2220
9
2322
20
2276
14
2705
17
2459
23
2763
16
4098
12
2946
18
3678
15
3901
16
2992
14
2278
16
2522
16
2508
27
2720
18
3896
23
3217
28
1851
15
3139
16
2123
22
2331
18
2428
16
3070
17
3334
21
3038
16
2453
20
2967
13
4457
14
3354
15
3646
23
2878
9
2674
20
3049
11
3266
17
3496
19
4632
13
3470
17
4138
21
2165
18
2431
13
2388
11
1905
9
2171
13
3103
5
3684
18
3381
10
2183
12
1974
13
2045
22
3948
20
3260
18
2396
13
3648
18
2532
21
4058
12
2180
17
4374
11
3270
14
3289
14
2458
15
3401
18
2693
13
2392
9
3359
10
2903
23
2330
14
3135
10
2328
19
3232
12
3354
16
2864
8
2744
12
5189
14
3962
8
3738
13
2318
9
2533
20
3252
16
2734
8
2828
13
2426
15
2420
13
2884
19
3625
10
3526
11
3483
13
2129
16
2037
20
11487
11
36472
6
152976
1
812321
2
1254585
1
1993947
2
804375
2
4867760
2
2863175
3
3986807
3
7824058
2
769064
4
9323692
2
5210677
4
5310256
2
11310113
4
4512083
2
7274001
3
11395567
4
1615816
3
14258094
4
44639393
2
15584602
4
109806156
3
100375248
6
39457826
5
143869718
6
73276569
6
75699875
6
121937553
7
30445825
5
140655904
1
106263842
6
32798300
6
129181676
4
97812881
6
30306391
4
112480766
5
84403333
5
26931336
6
97758748
4
56033160
5
41098060
3
70421708
3
14280061
5
67306157
3
52823519
3
11324527
1
54938223
1
35853333
1
10708491
1
37757390
1
23348440
2
9710365
1
23651220
1
11083774
1
8443591
1
12310523
1
3551452
0
10233871
1
4468704
2
3406672
0
5738159
1
2905299
2
2424890
1
3420804
1
1524164
0
1240698
2
1152684
1
1111215
1
795695
0
389872
1
513125
0
259547
1
75555
0
53671
6
35708
9
14065
9
11582
3
10207
6
9207
8
6969
7
6932
10
5859
4
5782
16
4484
16
3903
18
2696
8
2906
15
3295
15
2745
15
3574
21
3964
15
5401
13
6975
12
4604
14
2406
20
6239
11
3584
22
2782
10
3261
14
1878
12
1891
13
2543
6
3447
16
2275
13
2034
12
1801
10
1943
11
3323
17
2728
14
2524
16
3881
12
3914
12
3237
16
3415
12
2360
15
2960
19
2480
13
3449
13
4367
18
3964
20
4176
16
3020
17
3190
17
1870
20
2786
21
2684
17
2740
15
